# imorph> Score file
# Iter       score     RMSD_CA
     0  7.0951e+00
    20  7.0399e+00
    40  6.9308e+00
    60  6.8360e+00
    80  6.7692e+00
   100  6.6873e+00
   120  6.6179e+00
   140  6.5751e+00
   160  6.5062e+00
   180  6.4270e+00
   200  5.0046e+00
   220  4.9048e+00
   240  4.8808e+00
   260  4.8049e+00
   280  4.7443e+00
   300  4.6657e+00
   320  4.6304e+00
   340  4.5479e+00
   360  4.4803e+00
   380  4.4073e+00
   400  3.5032e+00
   420  3.4805e+00
   440  3.4478e+00
   460  3.4003e+00
   480  3.3514e+00
   500  3.2998e+00
   520  3.2580e+00
   540  3.2392e+00
   560  3.1853e+00
   580  3.1429e+00
   600  2.8208e+00
   620  2.7986e+00
   640  2.7712e+00
   660  2.7529e+00
   680  2.7256e+00
   700  2.7001e+00
   720  2.6877e+00
   740  2.6609e+00
   760  2.6260e+00
   780  2.6065e+00
   800  2.5599e+00
   820  2.5417e+00
   840  2.5249e+00
   860  2.5119e+00
   880  2.4852e+00
   900  2.4769e+00
   920  2.4678e+00
   940  2.4579e+00
   960  2.4514e+00
   980  2.4421e+00
  1000  2.4283e+00
  1020  2.4178e+00
  1040  2.4089e+00
  1060  2.3968e+00
  1080  2.3834e+00
  1100  2.3726e+00
  1120  2.3636e+00
  1140  2.3522e+00
  1160  2.3409e+00
  1180  2.3300e+00
  1200  2.3261e+00
  1220  2.3177e+00
  1240  2.3085e+00
  1260  2.3024e+00
  1280  2.2944e+00
  1300  2.2856e+00
  1320  2.2793e+00
  1340  2.2723e+00
  1360  2.2652e+00
  1380  2.2584e+00
  1400  2.2514e+00
  1420  2.2477e+00
  1440  2.2400e+00
  1460  2.2323e+00
  1480  2.2260e+00
  1500  2.2172e+00
  1520  2.2136e+00
  1540  2.2079e+00
  1560  2.2011e+00
  1580  2.1985e+00
  1600  2.1948e+00
  1620  2.1901e+00
  1640  2.1844e+00
  1660  2.1791e+00
  1680  2.1720e+00
  1700  2.1684e+00
  1720  2.1671e+00
  1740  2.1649e+00
  1760  2.1645e+00
  1780  2.1618e+00
  1800  2.1594e+00
  1820  2.1554e+00
  1840  2.1511e+00
  1860  2.1481e+00
  1880  2.1449e+00
  1900  2.1422e+00
  1920  2.1386e+00
  1940  2.1374e+00
  1960  2.1367e+00
  1980  2.1345e+00
  2000  2.1318e+00
  2020  2.1280e+00
  2040  2.1260e+00
  2060  2.1215e+00
  2080  2.1180e+00
  2100  2.1163e+00
  2120  2.1142e+00
  2140  2.1120e+00
  2160  2.1101e+00
  2180  2.1071e+00
  2200  2.1043e+00
  2220  2.1028e+00
  2240  2.1013e+00
  2260  2.0988e+00
  2280  2.0963e+00
  2300  2.0935e+00
  2320  2.0918e+00
  2340  2.0896e+00
  2360  2.0889e+00
  2380  2.0860e+00
  2400  2.0824e+00
  2420  2.0782e+00
  2440  2.0754e+00
  2460  2.0747e+00
  2480  2.0737e+00
  2500  2.0722e+00
  2520  2.0709e+00
  2540  2.0692e+00
  2560  2.0669e+00
  2580  2.0627e+00
  2600  2.0614e+00
  2620  2.0598e+00
  2640  2.0583e+00
  2660  2.0574e+00
  2680  2.0570e+00
  2700  2.0546e+00
  2720  2.0535e+00
  2740  2.0518e+00
  2760  2.0507e+00
  2780  2.0493e+00
  2800  2.0475e+00
  2820  2.0457e+00
  2840  2.0434e+00
  2860  2.0419e+00
  2880  2.0404e+00
  2900  2.0398e+00
  2920  2.0389e+00
  2940  2.0375e+00
  2960  2.0369e+00
  2980  2.0342e+00
  3000  2.0335e+00
  3020  2.0312e+00
  3040  2.0291e+00
  3060  2.0274e+00
  3080  2.0263e+00
  3100  2.0256e+00
  3120  2.0244e+00
  3140  2.0237e+00
  3160  2.0223e+00
  3180  2.0214e+00
  3200  2.0199e+00
  3220  2.0188e+00
  3240  2.0183e+00
  3260  2.0174e+00
  3280  2.0169e+00
  3300  2.0161e+00
  3320  2.0158e+00
  3340  2.0147e+00
  3360  2.0139e+00
  3380  2.0133e+00
  3400  2.0123e+00
  3420  2.0111e+00
  3440  2.0108e+00
  3460  2.0095e+00
  3480  2.0091e+00
  3500  2.0085e+00
  3520  2.0079e+00
  3540  2.0077e+00
  3560  2.0074e+00
  3580  2.0065e+00
  3600  2.0055e+00
  3620  2.0049e+00
  3640  2.0045e+00
  3660  2.0039e+00
  3680  2.0037e+00
  3700  2.0031e+00
  3720  2.0025e+00
  3740  2.0021e+00
  3760  2.0018e+00
  3780  2.0015e+00
  3800  2.0011e+00
  3820  2.0003e+00
  3840  1.9997e+00
  3860  1.9984e+00
  3880  1.9982e+00
  3900  1.9979e+00
  3920  1.9969e+00
  3940  1.9964e+00
  3960  1.9957e+00
  3980  1.9953e+00
  4000  1.9950e+00
  4020  1.9950e+00
  4040  1.9946e+00
  4060  1.9942e+00
  4080  1.9939e+00
  4100  1.9937e+00
  4120  1.9935e+00
  4140  1.9932e+00
  4160  1.9931e+00
  4180  1.9927e+00
  4200  1.9925e+00
  4220  1.9924e+00
  4240  1.9923e+00
  4260  1.9922e+00
  4280  1.9917e+00
  4300  1.9917e+00
  4320  1.9913e+00
  4340  1.9907e+00
  4360  1.9903e+00
  4380  1.9901e+00
  4400  1.9900e+00
  4420  1.9896e+00
  4440  1.9894e+00
  4460  1.9886e+00
  4480  1.9884e+00
  4500  1.9883e+00
  4520  1.9880e+00
  4540  1.9879e+00
  4560  1.9876e+00
  4580  1.9872e+00
  4600  1.9869e+00
  4620  1.9863e+00
  4640  1.9858e+00
  4660  1.9857e+00
  4680  1.9850e+00
  4700  1.9850e+00
  4720  1.9845e+00
  4740  1.9845e+00
  4760  1.9838e+00
  4780  1.9838e+00
  4800  1.9835e+00
  4820  1.9832e+00
  4840  1.9832e+00
  4860  1.9832e+00
  4880  1.9831e+00
  4900  1.9829e+00
  4920  1.9828e+00
  4940  1.9828e+00
  4960  1.9826e+00
  4980  1.9825e+00
  5000  1.9822e+00
  5020  1.9821e+00
  5040  1.9817e+00
  5060  1.9817e+00
  5080  1.9814e+00
  5100  1.9812e+00
  5120  1.9812e+00
  5140  1.9811e+00
  5160  1.9808e+00
  5180  1.9806e+00
  5200  1.9803e+00
  5220  1.9799e+00
  5240  1.9798e+00
  5260  1.9796e+00
  5280  1.9795e+00
  5300  1.9792e+00
  5320  1.9791e+00
  5340  1.9789e+00
  5360  1.9788e+00
  5380  1.9786e+00
  5400  1.9785e+00
  5420  1.9783e+00
  5440  1.9780e+00
  5460  1.9778e+00
  5480  1.9775e+00
  5500  1.9774e+00
  5520  1.9774e+00
  5540  1.9773e+00
  5560  1.9772e+00
  5580  1.9770e+00
  5600  1.9769e+00
  5620  1.9768e+00
  5640  1.9763e+00
  5660  1.9762e+00
  5680  1.9762e+00
  5700  1.9760e+00
  5720  1.9759e+00
  5740  1.9759e+00
  5760  1.9759e+00
  5780  1.9759e+00
  5800  1.9757e+00
  5820  1.9756e+00
  5840  1.9753e+00
  5860  1.9753e+00
  5880  1.9753e+00
  5900  1.9753e+00
  5920  1.9752e+00
  5940  1.9751e+00
  5960  1.9751e+00
  5980  1.9751e+00
  6000  1.9750e+00
  6020  1.9747e+00
  6040  1.9745e+00
  6060  1.9745e+00
  6062  1.9745e+00  1.2245e+00
# RMSD:  FIRST=   7.09508181   LAST=   1.97445750  TIME=     29 s
